Hardware not Available, using software
height=600  width=800
height=600  width=800
Call event loop with argc=1
Creating Camera CCam 
4225  number of nodes
8192  number of triangles
Max depth of Name stack =128
63  0  125
0  1  125
1  1  125
2  1  125
3  1  125
4  1  125
5  1  125
6  1  125
7  1  125
8  1  125
9  1  125
10  1  125
11  1  125
12  1  125
13  1  125
14  1  125
15  1  125
16  1  125
17  1  125
18  1  125
19  1  125
20  1  125
21  1  125
22  1  125
23  1  125
24  1  125
25  1  125
26  1  125
27  1  125
28  1  125
29  1  125
30  1  125
31  1  125
32  1  125
33  1  125
34  1  125
35  1  125
36  1  125
37  1  125
38  1  125
39  1  125
40  1  125
41  1  125
42  1  125
43  1  125
44  1  125
45  1  125
46  1  125
47  1  125
48  1  125
49  1  125
50  1  125
51  1  125
52  1  125
53  1  125
54  1  125
55  1  125
56  1  125
57  1  125
58  1  125
59  1  125
60  1  125
61  1  125
62  1  125
63  1  125
0  2  125
1  2  125
2  2  125
3  2  125
4  2  125
5  2  125
6  2  125
7  2  125
8  2  125
9  2  125
10  2  125
11  2  125
12  2  125
13  2  125
14  2  125
15  2  125
16  2  125
17  2  125
18  2  125
19  2  125
20  2  125
21  2  125
22  2  125
23  2  125
24  2  125
25  2  125
26  2  125
27  2  125
28  2  125
29  2  125
30  2  125
31  2  125
32  2  125
33  2  125
34  2  125
35  2  125
36  2  125
37  2  125
38  2  125
39  2  125
40  2  125
41  2  125
42  2  125
43  2  125
44  2  125
45  2  125
46  2  125
47  2  125
48  2  125
49  2  125
50  2  125
51  2  125
52  2  125
53  2  125
54  2  125
55  2  125
56  2  125
57  2  125
58  2  125
59  2  125
60  2  125
61  2  125
62  2  125
63  2  125
0  3  125
1  3  125
2  3  125
3  3  125
4  3  125
5  3  125
6  3  125
7  3  125
8  3  125
9  3  125
10  3  125
11  3  125
12  3  125
13  3  125
14  3  125
15  3  125
16  3  125
17  3  125
18  3  125
19  3  125
20  3  125
21  3  125
22  3  125
23  3  125
24  3  125
25  3  125
26  3  125
27  3  125
28  3  125
29  3  125
30  3  125
31  3  125
32  3  125
33  3  125
34  3  125
35  3  125
36  3  125
37  3  125
38  3  125
39  3  125
40  3  125
41  3  125
42  3  125
43  3  125
44  3  125
45  3  125
46  3  125
47  3  125
48  3  125
49  3  125
50  3  125
51  3  125
52  3  125
53  3  125
54  3  125
55  3  125
56  3  125
57  3  125
58  3  125
59  3  125
60  3  125
61  3  125
62  3  125
63  3  125
0  4  125
1  4  125
2  4  125
3  4  125
4  4  125
5  4  125
6  4  125
7  4  125
8  4  125
9  4  125
10  4  125
11  4  125
12  4  125
13  4  125
14  4  125
15  4  125
16  4  125
17  4  125
18  4  125
19  4  125
20  4  125
21  4  125
22  4  125
23  4  125
24  4  125
25  4  125
26  4  125
27  4  125
28  4  125
29  4  125
30  4  125
31  4  125
32  4  125
33  4  125
34  4  125
35  4  125
36  4  125
37  4  125
38  4  125
39  4  125
40  4  125
41  4  125
42  4  125
43  4  125
44  4  125
45  4  125
46  4  125
47  4  125
48  4  125
49  4  125
50  4  125
51  4  125
52  4  125
53  4  125
54  4  125
55  4  125
56  4  125
57  4  125
58  4  125
59  4  125
60  4  125
61  4  125
62  4  125
63  4  125
0  5  125
1  5  125
2  5  125
3  5  125
4  5  125
5  5  125
6  5  125
7  5  125
8  5  125
9  5  125
10  5  125
11  5  125
12  5  125
13  5  125
14  5  125
15  5  125
16  5  125
17  5  125
18  5  125
19  5  125
20  5  125
21  5  125
22  5  125
23  5  125
24  5  125
25  5  125
26  5  125
27  5  125
28  5  125
29  5  125
30  5  125
31  5  125
32  5  125
33  5  125
34  5  125
35  5  125
36  5  125
37  5  125
38  5  125
39  5  125
40  5  125
41  5  125
42  5  125
43  5  125
44  5  125
45  5  125
46  5  125
47  5  125
48  5  125
49  5  125
50  5  125
51  5  125
52  5  125
53  5  125
54  5  125
55  5  125
56  5  125
57  5  125
58  5  125
59  5  125
60  5  125
61  5  125
62  5  125
63  5  125
0  6  125
1  6  125
2  6  125
3  6  125
4  6  125
5  6  125
6  6  125
7  6  125
8  6  125
9  6  125
10  6  125
11  6  125
12  6  125
13  6  125
14  6  125
15  6  125
16  6  125
17  6  125
18  6  125
19  6  125
20  6  125
21  6  125
22  6  125
23  6  125
24  6  125
25  6  125
26  6  125
27  6  125
28  6  125
29  6  125
30  6  125
31  6  125
32  6  125
33  6  125
34  6  125
35  6  125
36  6  125
37  6  125
38  6  125
39  6  125
40  6  125
41  6  125
42  6  125
43  6  125
44  6  125
45  6  125
46  6  125
47  6  125
48  6  125
49  6  125
50  6  125
51  6  125
52  6  125
53  6  125
54  6  125
55  6  125
56  6  125
57  6  125
58  6  125
59  6  125
60  6  125
61  6  125
62  6  125
63  6  125
0  7  125
1  7  125
2  7  125
3  7  125
4  7  125
5  7  125
6  7  125
7  7  125
8  7  125
9  7  125
10  7  125
11  7  125
12  7  125
13  7  125
14  7  125
15  7  125
16  7  125
17  7  125
18  7  125
19  7  125
20  7  125
21  7  125
22  7  125
23  7  125
24  7  125
25  7  125
26  7  125
27  7  125
28  7  125
29  7  125
30  7  125
31  7  125
32  7  125
33  7  125
34  7  125
35  7  125
36  7  125
37  7  125
38  7  125
39  7  125
40  7  125
41  7  125
42  7  125
43  7  125
44  7  125
45  7  125
46  7  125
47  7  125
48  7  125
49  7  125
50  7  125
51  7  125
52  7  125
53  7  125
54  7  125
55  7  125
56  7  125
57  7  125
58  7  125
59  7  125
60  7  125
61  7  125
62  7  125
63  7  125
0  8  125
1  8  125
2  8  125
3  8  125
4  8  125
5  8  125
6  8  125
7  8  125
8  8  125
9  8  125
10  8  125
11  8  125
12  8  125
13  8  125
14  8  125
15  8  125
16  8  125
17  8  125
18  8  125
19  8  125
20  8  125
21  8  125
22  8  125
23  8  125
24  8  125
25  8  125
26  8  125
27  8  125
28  8  125
29  8  125
30  8  125
31  8  125
32  8  125
33  8  125
34  8  125
35  8  125
36  8  125
37  8  125
38  8  125
39  8  125
40  8  125
41  8  125
42  8  125
43  8  125
44  8  125
45  8  125
46  8  125
47  8  125
48  8  125
49  8  125
50  8  125
51  8  125
52  8  125
53  8  125
54  8  125
55  8  125
56  8  125
57  8  125
58  8  125
59  8  125
60  8  125
61  8  125
62  8  125
63  8  125
0  9  125
1  9  125
2  9  125
3  9  125
4  9  125
5  9  125
6  9  125
7  9  125
8  9  125
9  9  125
10  9  125
11  9  125
12  9  125
13  9  125
14  9  125
15  9  125
16  9  125
17  9  125
18  9  125
19  9  125
20  9  125
21  9  125
22  9  125
23  9  125
24  9  125
25  9  125
26  9  125
27  9  125
28  9  125
29  9  125
30  9  125
31  9  125
32  9  125
33  9  125
34  9  125
35  9  125
36  9  125
37  9  125
38  9  125
39  9  125
40  9  125
41  9  125
42  9  125
43  9  125
44  9  125
45  9  125
46  9  125
47  9  125
48  9  125
49  9  125
50  9  125
51  9  125
52  9  125
53  9  125
54  9  125
55  9  125
56  9  125
57  9  125
58  9  125
59  9  125
60  9  125
61  9  125
62  9  125
63  9  125
0  10  125
1  10  125
2  10  125
3  10  125
4  10  125
5  10  125
6  10  125
7  10  125
8  10  125
9  10  125
10  10  125
11  10  125
12  10  125
13  10  125
14  10  125
15  10  125
16  10  125
17  10  125
18  10  125
19  10  125
20  10  125
21  10  125
22  10  125
23  10  125
24  10  125
25  10  125
26  10  125
27  10  125
28  10  125
29  10  125
30  10  125
31  10  125
32  10  125
33  10  125
34  10  125
35  10  125
36  10  125
37  10  125
38  10  125
39  10  125
40  10  125
41  10  125
42  10  125
43  10  125
44  10  125
45  10  125
46  10  125
47  10  125
48  10  125
49  10  125
50  10  125
51  10  125
52  10  125
53  10  125
54  10  125
55  10  125
56  10  125
57  10  125
58  10  125
59  10  125
60  10  125
61  10  125
62  10  125
63  10  125
0  11  125
1  11  125
2  11  125
3  11  125
4  11  125
5  11  125
6  11  125
7  11  125
8  11  125
9  11  125
10  11  125
11  11  125
12  11  125
13  11  125
14  11  125
15  11  125
16  11  125
17  11  125
18  11  125
19  11  125
20  11  125
21  11  125
22  11  125
23  11  125
24  11  125
25  11  125
26  11  125
27  11  125
28  11  125
29  11  125
30  11  125
31  11  125
32  11  125
33  11  125
34  11  125
35  11  125
36  11  125
37  11  125
38  11  125
39  11  125
40  11  125
41  11  125
42  11  125
43  11  125
44  11  125
45  11  125
46  11  125
47  11  125
48  11  125
49  11  125
50  11  125
51  11  125
52  11  125
53  11  125
54  11  125
55  11  125
56  11  125
57  11  125
58  11  125
59  11  125
60  11  125
61  11  125
62  11  125
63  11  125
0  12  125
1  12  125
2  12  125
3  12  125
4  12  125
5  12  125
6  12  125
7  12  125
8  12  125
9  12  125
10  12  125
11  12  125
12  12  125
13  12  125
14  12  125
15  12  125
16  12  125
17  12  125
18  12  125
19  12  125
20  12  125
21  12  125
22  12  125
23  12  125
24  12  125
25  12  125
26  12  125
27  12  125
28  12  125
29  12  125
30  12  125
31  12  125
32  12  125
33  12  125
34  12  125
35  12  125
36  12  125
37  12  125
38  12  125
39  12  125
40  12  125
41  12  125
42  12  125
43  12  125
44  12  125
45  12  125
46  12  125
47  12  125
48  12  125
49  12  125
50  12  125
51  12  125
52  12  125
53  12  125
54  12  125
55  12  125
56  12  125
57  12  125
58  12  125
59  12  125
60  12  125
61  12  125
62  12  125
63  12  125
0  13  125
1  13  125
2  13  125
3  13  125
4  13  125
5  13  125
6  13  125
7  13  125
8  13  125
9  13  125
10  13  125
11  13  125
12  13  125
13  13  125
14  13  125
15  13  125
16  13  125
17  13  125
18  13  125
19  13  125
20  13  125
21  13  125
22  13  125
23  13  125
24  13  125
25  13  125
26  13  125
27  13  125
28  13  125
29  13  125
30  13  125
31  13  125
32  13  125
33  13  125
34  13  125
35  13  125
36  13  125
37  13  125
38  13  125
39  13  125
40  13  125
41  13  125
42  13  125
43  13  125
44  13  125
45  13  125
46  13  125
47  13  125
48  13  125
49  13  125
50  13  125
51  13  125
52  13  125
53  13  125
54  13  125
55  13  125
56  13  125
57  13  125
58  13  125
59  13  125
60  13  125
61  13  125
62  13  125
63  13  125
0  14  125
1  14  125
2  14  125
3  14  125
4  14  125
5  14  125
6  14  125
7  14  125
8  14  125
9  14  125
10  14  125
11  14  125
12  14  125
13  14  125
14  14  125
15  14  125
16  14  125
17  14  125
18  14  125
19  14  125
20  14  125
21  14  125
22  14  125
23  14  125
24  14  125
25  14  125
26  14  125
27  14  125
28  14  125
29  14  125
30  14  125
31  14  125
32  14  125
33  14  125
34  14  125
35  14  125
36  14  125
37  14  125
38  14  125
39  14  125
40  14  125
41  14  125
42  14  125
43  14  125
44  14  125
45  14  125
46  14  125
47  14  125
48  14  125
49  14  125
50  14  125
51  14  125
52  14  125
53  14  125
54  14  125
55  14  125
56  14  125
57  14  125
58  14  125
59  14  125
60  14  125
61  14  125
62  14  125
63  14  125
0  15  125
1  15  125
2  15  125
3  15  125
4  15  125
5  15  125
6  15  125
7  15  125
8  15  125
9  15  125
10  15  125
11  15  125
12  15  125
13  15  125
14  15  125
15  15  125
16  15  125
17  15  125
18  15  125
19  15  125
20  15  125
21  15  125
22  15  125
23  15  125
24  15  125
25  15  125
26  15  125
27  15  125
28  15  125
29  15  125
30  15  125
31  15  125
32  15  125
33  15  125
34  15  125
35  15  125
36  15  125
37  15  125
38  15  125
39  15  125
40  15  125
41  15  125
42  15  125
43  15  125
44  15  125
45  15  125
46  15  125
47  15  125
48  15  125
49  15  125
50  15  125
51  15  125
52  15  125
53  15  125
54  15  125
55  15  125
56  15  125
57  15  125
58  15  125
59  15  125
60  15  125
61  15  125
62  15  125
63  15  125
0  16  125
1  16  125
2  16  125
3  16  125
4  16  125
5  16  125
6  16  125
7  16  125
8  16  125
9  16  125
10  16  125
11  16  125
12  16  125
13  16  125
14  16  125
15  16  125
16  16  125
17  16  125
18  16  125
19  16  125
20  16  125
21  16  125
22  16  125
23  16  125
24  16  125
25  16  125
26  16  125
27  16  125
28  16  125
29  16  125
30  16  125
31  16  125
32  16  125
33  16  125
34  16  125
35  16  125
36  16  125
37  16  125
38  16  125
39  16  125
40  16  125
41  16  125
42  16  125
43  16  125
44  16  125
45  16  125
46  16  125
47  16  125
48  16  125
49  16  125
50  16  125
51  16  125
52  16  125
53  16  125
54  16  125
55  16  125
56  16  125
57  16  125
58  16  125
59  16  125
60  16  125
61  16  125
62  16  125
63  16  125
0  17  125
1  17  125
2  17  125
3  17  125
4  17  125
5  17  125
6  17  125
7  17  125
8  17  125
9  17  125
10  17  125
11  17  125
12  17  125
13  17  125
14  17  125
15  17  125
16  17  125
17  17  125
18  17  125
19  17  125
20  17  125
21  17  125
22  17  125
23  17  125
24  17  125
25  17  125
26  17  125
27  17  125
28  17  125
29  17  125
30  17  125
31  17  125
32  17  125
33  17  125
34  17  125
35  17  125
36  17  125
37  17  125
38  17  125
39  17  125
40  17  125
41  17  125
42  17  125
43  17  125
44  17  125
45  17  125
46  17  125
47  17  125
48  17  125
49  17  125
50  17  125
51  17  125
52  17  125
53  17  125
54  17  125
55  17  125
56  17  125
57  17  125
58  17  125
59  17  125
60  17  125
61  17  125
62  17  125
63  17  125
0  18  125
1  18  125
2  18  125
3  18  125
4  18  125
5  18  125
6  18  125
7  18  125
8  18  125
9  18  125
10  18  125
11  18  125
12  18  125
13  18  125
14  18  125
15  18  125
16  18  125
17  18  125
18  18  125
19  18  125
20  18  125
21  18  125
22  18  125
23  18  125
24  18  125
25  18  125
26  18  125
27  18  125
28  18  125
29  18  125
30  18  125
31  18  125
32  18  125
33  18  125
34  18  125
35  18  125
36  18  125
37  18  125
38  18  125
39  18  125
40  18  125
41  18  125
42  18  125
43  18  125
44  18  125
45  18  125
46  18  125
47  18  125
48  18  125
49  18  125
50  18  125
51  18  125
52  18  125
53  18  125
54  18  125
55  18  125
56  18  125
57  18  125
58  18  125
59  18  125
60  18  125
61  18  125
62  18  125
63  18  125
0  19  125
1  19  125
2  19  125
3  19  125
4  19  125
5  19  125
6  19  125
7  19  125
8  19  125
9  19  125
10  19  125
11  19  125
12  19  125
13  19  125
14  19  125
15  19  125
16  19  125
17  19  125
18  19  125
19  19  125
20  19  125
21  19  125
22  19  125
23  19  125
24  19  125
25  19  125
26  19  125
27  19  125
28  19  125
29  19  125
30  19  125
31  19  125
32  19  125
33  19  125
34  19  125
35  19  125
36  19  125
37  19  125
38  19  125
39  19  125
40  19  125
41  19  125
42  19  125
43  19  125
44  19  125
45  19  125
46  19  125
47  19  125
48  19  125
49  19  125
50  19  125
51  19  125
52  19  125
53  19  125
54  19  125
55  19  125
56  19  125
57  19  125
58  19  125
59  19  125
60  19  125
61  19  125
62  19  125
63  19  125
0  20  125
1  20  125
2  20  125
3  20  125
4  20  125
5  20  125
6  20  125
7  20  125
8  20  125
9  20  125
10  20  125
11  20  125
12  20  125
13  20  125
14  20  125
15  20  125
16  20  125
17  20  125
18  20  125
19  20  125
20  20  125
21  20  125
22  20  125
23  20  125
24  20  125
25  20  125
26  20  125
27  20  125
28  20  125
29  20  125
30  20  125
31  20  125
32  20  125
33  20  125
34  20  125
35  20  125
36  20  125
37  20  125
38  20  125
39  20  125
40  20  125
41  20  125
42  20  125
43  20  125
44  20  125
45  20  125
46  20  125
47  20  125
48  20  125
49  20  125
50  20  125
51  20  125
52  20  125
53  20  125
54  20  125
55  20  125
56  20  125
57  20  125
58  20  125
59  20  125
60  20  125
61  20  125
62  20  125
63  20  125
0  21  125
1  21  125
2  21  125
3  21  125
4  21  125
5  21  125
6  21  125
7  21  125
8  21  125
9  21  125
10  21  125
11  21  125
12  21  125
13  21  125
14  21  125
15  21  125
16  21  125
17  21  125
18  21  125
19  21  125
20  21  125
21  21  125
22  21  125
23  21  125
24  21  125
25  21  125
26  21  125
27  21  125
28  21  125
29  21  125
30  21  125
31  21  125
32  21  125
33  21  125
34  21  125
35  21  125
36  21  125
37  21  125
38  21  125
39  21  125
40  21  125
41  21  125
42  21  125
43  21  125
44  21  125
45  21  125
46  21  125
47  21  125
48  21  125
49  21  125
50  21  125
51  21  125
52  21  125
53  21  125
54  21  125
55  21  125
56  21  125
57  21  125
58  21  125
59  21  125
60  21  125
61  21  125
62  21  125
63  21  125
0  22  125
1  22  125
2  22  125
3  22  125
4  22  125
5  22  125
6  22  125
7  22  125
8  22  125
9  22  125
10  22  125
11  22  125
12  22  125
13  22  125
14  22  125
15  22  125
16  22  125
17  22  125
18  22  125
19  22  125
20  22  125
21  22  125
22  22  125
23  22  125
24  22  125
25  22  125
26  22  125
27  22  125
28  22  125
29  22  125
30  22  125
31  22  125
32  22  125
33  22  125
34  22  125
35  22  125
36  22  125
37  22  125
38  22  125
39  22  125
40  22  125
41  22  125
42  22  125
43  22  125
44  22  125
45  22  125
46  22  125
47  22  125
48  22  125
49  22  125
50  22  125
51  22  125
52  22  125
53  22  125
54  22  125
55  22  125
56  22  125
57  22  125
58  22  125
59  22  125
60  22  125
61  22  125
62  22  125
63  22  125
0  23  125
1  23  125
2  23  125
3  23  125
4  23  125
5  23  125
6  23  125
7  23  125
8  23  125
9  23  125
10  23  125
11  23  125
12  23  125
13  23  125
14  23  125
15  23  125
16  23  125
17  23  125
18  23  125
19  23  125
20  23  125
21  23  125
22  23  125
23  23  125
24  23  125
25  23  125
26  23  125
27  23  125
28  23  125
29  23  125
30  23  125
31  23  125
32  23  125
33  23  125
34  23  125
35  23  125
36  23  125
37  23  125
38  23  125
39  23  125
40  23  125
41  23  125
42  23  125
43  23  125
44  23  125
45  23  125
46  23  125
47  23  125
48  23  125
49  23  125
50  23  125
51  23  125
52  23  125
53  23  125
54  23  125
55  23  125
56  23  125
57  23  125
58  23  125
59  23  125
60  23  125
61  23  125
62  23  125
63  23  125
0  24  125
1  24  125
2  24  125
3  24  125
4  24  125
5  24  125
6  24  125
7  24  125
8  24  125
9  24  125
10  24  125
11  24  125
12  24  125
13  24  125
14  24  125
15  24  125
16  24  125
17  24  125
18  24  125
19  24  125
20  24  125
21  24  125
22  24  125
23  24  125
24  24  125
25  24  125
26  24  125
27  24  125
28  24  125
29  24  125
30  24  125
31  24  125
32  24  125
33  24  125
34  24  125
35  24  125
36  24  125
37  24  125
38  24  125
39  24  125
40  24  125
41  24  125
42  24  125
43  24  125
44  24  125
45  24  125
46  24  125
47  24  125
48  24  125
49  24  125
50  24  125
51  24  125
52  24  125
53  24  125
54  24  125
55  24  125
56  24  125
57  24  125
58  24  125
59  24  125
60  24  125
61  24  125
62  24  125
63  24  125
0  25  125
1  25  125
2  25  125
3  25  125
4  25  125
5  25  125
6  25  125
7  25  125
8  25  125
9  25  125
10  25  125
11  25  125
12  25  125
13  25  125
14  25  125
15  25  125
16  25  125
17  25  125
18  25  125
19  25  125
20  25  125
21  25  125
22  25  125
23  25  125
24  25  125
25  25  125
26  25  125
27  25  125
28  25  125
29  25  125
30  25  125
31  25  125
32  25  125
33  25  125
34  25  125
35  25  125
36  25  125
37  25  125
38  25  125
39  25  125
40  25  125
41  25  125
42  25  125
43  25  125
44  25  125
45  25  125
46  25  125
47  25  125
48  25  125
49  25  125
50  25  125
51  25  125
52  25  125
53  25  125
54  25  125
55  25  125
56  25  125
57  25  125
58  25  125
59  25  125
60  25  125
61  25  125
62  25  125
63  25  125
0  26  125
1  26  125
2  26  125
3  26  125
4  26  125
5  26  125
6  26  125
7  26  125
8  26  125
9  26  125
10  26  125
11  26  125
12  26  125
13  26  125
14  26  125
15  26  125
16  26  125
17  26  125
18  26  125
19  26  125
20  26  125
21  26  125
22  26  125
23  26  125
24  26  125
25  26  125
26  26  125
27  26  125
28  26  125
29  26  125
30  26  125
31  26  125
32  26  125
33  26  125
34  26  125
35  26  125
36  26  125
37  26  125
38  26  125
39  26  125
40  26  125
41  26  125
42  26  125
43  26  125
44  26  125
45  26  125
46  26  125
47  26  125
48  26  125
49  26  125
50  26  125
51  26  125
52  26  125
53  26  125
54  26  125
55  26  125
56  26  125
57  26  125
58  26  125
59  26  125
60  26  125
61  26  125
62  26  125
63  26  125
0  27  125
1  27  125
2  27  125
3  27  125
4  27  125
5  27  125
6  27  125
7  27  125
8  27  125
9  27  125
10  27  125
11  27  125
12  27  125
13  27  125
14  27  125
15  27  125
16  27  125
17  27  125
18  27  125
19  27  125
20  27  125
21  27  125
22  27  125
23  27  125
24  27  125
25  27  125
26  27  125
27  27  125
28  27  125
29  27  125
30  27  125
31  27  125
32  27  125
33  27  125
34  27  125
35  27  125
36  27  125
37  27  125
38  27  125
39  27  125
40  27  125
41  27  125
42  27  125
43  27  125
44  27  125
45  27  125
46  27  125
47  27  125
48  27  125
49  27  125
50  27  125
51  27  125
52  27  125
53  27  125
54  27  125
55  27  125
56  27  125
57  27  125
58  27  125
59  27  125
60  27  125
61  27  125
62  27  125
63  27  125
0  28  125
1  28  125
2  28  125
3  28  125
4  28  125
5  28  125
6  28  125
7  28  125
8  28  125
9  28  125
10  28  125
11  28  125
12  28  125
13  28  125
14  28  125
15  28  125
16  28  125
17  28  125
18  28  125
19  28  125
20  28  125
21  28  125
22  28  125
23  28  125
24  28  125
25  28  125
26  28  125
27  28  125
28  28  125
29  28  125
30  28  125
31  28  125
32  28  125
33  28  125
34  28  125
35  28  125
36  28  125
37  28  125
38  28  125
39  28  125
40  28  125
41  28  125
42  28  125
43  28  125
44  28  125
45  28  125
46  28  125
47  28  125
48  28  125
49  28  125
50  28  125
51  28  125
52  28  125
53  28  125
54  28  125
55  28  125
56  28  125
57  28  125
58  28  125
59  28  125
60  28  125
61  28  125
62  28  125
63  28  125
0  29  125
1  29  125
2  29  125
3  29  125
4  29  125
5  29  125
6  29  125
7  29  125
8  29  125
9  29  125
10  29  125
11  29  125
12  29  125
13  29  125
14  29  125
15  29  125
16  29  125
17  29  125
18  29  125
19  29  125
20  29  125
21  29  125
22  29  125
23  29  125
24  29  125
25  29  125
26  29  125
27  29  125
28  29  125
29  29  125
30  29  125
31  29  125
32  29  125
33  29  125
34  29  125
35  29  125
36  29  125
37  29  125
38  29  125
39  29  125
40  29  125
41  29  125
42  29  125
43  29  125
44  29  125
45  29  125
46  29  125
47  29  125
48  29  125
49  29  125
50  29  125
51  29  125
52  29  125
53  29  125
54  29  125
55  29  125
56  29  125
57  29  125
58  29  125
59  29  125
60  29  125
61  29  125
62  29  125
63  29  125
0  30  125
1  30  125
2  30  125
3  30  125
4  30  125
5  30  125
6  30  125
7  30  125
8  30  125
9  30  125
10  30  125
11  30  125
12  30  125
13  30  125
14  30  125
15  30  125
16  30  125
17  30  125
18  30  125
19  30  125
20  30  125
21  30  125
22  30  125
23  30  125
24  30  125
25  30  125
26  30  125
27  30  125
28  30  125
29  30  125
30  30  125
31  30  125
32  30  125
33  30  125
34  30  125
35  30  125
36  30  125
37  30  125
38  30  125
39  30  125
40  30  125
41  30  125
42  30  125
43  30  125
44  30  125
45  30  125
46  30  125
47  30  125
48  30  125
49  30  125
50  30  125
51  30  125
52  30  125
53  30  125
54  30  125
55  30  125
56  30  125
57  30  125
58  30  125
59  30  125
60  30  125
61  30  125
62  30  125
63  30  125
0  31  125
1  31  125
2  31  125
3  31  125
4  31  125
5  31  125
6  31  125
7  31  125
8  31  125
9  31  125
10  31  125
11  31  125
12  31  125
13  31  125
14  31  125
15  31  125
16  31  125
17  31  125
18  31  125
19  31  125
20  31  125
21  31  125
22  31  125
23  31  125
24  31  125
25  31  125
26  31  125
27  31  125
28  31  125
29  31  125
30  31  125
31  31  125
32  31  125
33  31  125
34  31  125
35  31  125
36  31  125
37  31  125
38  31  125
39  31  125
40  31  125
41  31  125
42  31  125
43  31  125
44  31  125
45  31  125
46  31  125
47  31  125
48  31  125
49  31  125
50  31  125
51  31  125
52  31  125
53  31  125
54  31  125
55  31  125
56  31  125
57  31  125
58  31  125
59  31  125
60  31  125
61  31  125
62  31  125
63  31  125
0  32  125
1  32  125
2  32  125
3  32  125
4  32  125
5  32  125
6  32  125
7  32  125
8  32  125
9  32  125
10  32  125
11  32  125
12  32  125
13  32  125
14  32  125
15  32  125
16  32  125
17  32  125
18  32  125
19  32  125
20  32  125
21  32  125
22  32  125
23  32  125
24  32  125
25  32  125
26  32  125
27  32  125
28  32  125
29  32  125
30  32  125
31  32  125
32  32  125
33  32  125
34  32  125
35  32  125
36  32  125
37  32  125
38  32  125
39  32  125
40  32  125
41  32  125
42  32  125
43  32  125
44  32  125
45  32  125
46  32  125
47  32  125
48  32  125
49  32  125
50  32  125
51  32  125
52  32  125
53  32  125
54  32  125
55  32  125
56  32  125
57  32  125
58  32  125
59  32  125
60  32  125
61  32  125
62  32  125
63  32  125
0  33  125
1  33  125
2  33  125
3  33  125
4  33  125
5  33  125
6  33  125
7  33  125
8  33  125
9  33  125
10  33  125
11  33  125
12  33  125
13  33  125
14  33  125
15  33  125
16  33  125
17  33  125
18  33  125
19  33  125
20  33  125
21  33  125
22  33  125
23  33  125
24  33  125
25  33  125
26  33  125
27  33  125
28  33  125
29  33  125
30  33  125
31  33  125
32  33  125
33  33  125
34  33  125
35  33  125
36  33  125
37  33  125
38  33  125
39  33  125
40  33  125
41  33  125
42  33  125
43  33  125
44  33  125
45  33  125
46  33  125
47  33  125
48  33  125
49  33  125
50  33  125
51  33  125
52  33  125
53  33  125
54  33  125
55  33  125
56  33  125
57  33  125
58  33  125
59  33  125
60  33  125
61  33  125
62  33  125
63  33  125
0  34  125
1  34  125
2  34  125
3  34  125
4  34  125
5  34  125
6  34  125
7  34  125
8  34  125
9  34  125
10  34  125
11  34  125
12  34  125
13  34  125
14  34  125
15  34  125
16  34  125
17  34  125
18  34  125
19  34  125
20  34  125
21  34  125
22  34  125
23  34  125
24  34  125
25  34  125
26  34  125
27  34  125
28  34  125
29  34  125
30  34  125
31  34  125
32  34  125
33  34  125
34  34  125
35  34  125
36  34  125
37  34  125
38  34  125
39  34  125
40  34  125
41  34  125
42  34  125
43  34  125
44  34  125
45  34  125
46  34  125
47  34  125
48  34  125
49  34  125
50  34  125
51  34  125
52  34  125
53  34  125
54  34  125
55  34  125
56  34  125
57  34  125
58  34  125
59  34  125
60  34  125
61  34  125
62  34  125
63  34  125
0  35  125
1  35  125
2  35  125
3  35  125
4  35  125
5  35  125
6  35  125
7  35  125
8  35  125
9  35  125
10  35  125
11  35  125
12  35  125
13  35  125
14  35  125
15  35  125
16  35  125
17  35  125
18  35  125
19  35  125
20  35  125
21  35  125
22  35  125
23  35  125
24  35  125
25  35  125
26  35  125
27  35  125
28  35  125
29  35  125
30  35  125
31  35  125
32  35  125
33  35  125
34  35  125
35  35  125
36  35  125
37  35  125
38  35  125
39  35  125
40  35  125
41  35  125
42  35  125
43  35  125
44  35  125
45  35  125
46  35  125
47  35  125
48  35  125
49  35  125
50  35  125
51  35  125
52  35  125
53  35  125
54  35  125
55  35  125
56  35  125
57  35  125
58  35  125
59  35  125
60  35  125
61  35  125
62  35  125
63  35  125
0  36  125
1  36  125
2  36  125
3  36  125
4  36  125
5  36  125
6  36  125
7  36  125
8  36  125
9  36  125
10  36  125
11  36  125
12  36  125
13  36  125
14  36  125
15  36  125
16  36  125
17  36  125
18  36  125
19  36  125
20  36  125
21  36  125
22  36  125
23  36  125
24  36  125
25  36  125
26  36  125
27  36  125
28  36  125
29  36  125
30  36  125
31  36  125
32  36  125
33  36  125
34  36  125
35  36  125
36  36  125
37  36  125
38  36  125
39  36  125
40  36  125
41  36  125
42  36  125
43  36  125
44  36  125
45  36  125
46  36  125
47  36  125
48  36  125
49  36  125
50  36  125
51  36  125
52  36  125
53  36  125
54  36  125
55  36  125
56  36  125
57  36  125
58  36  125
59  36  125
60  36  125
61  36  125
62  36  125
63  36  125
0  37  125
1  37  125
2  37  125
3  37  125
4  37  125
5  37  125
6  37  125
7  37  125
8  37  125
9  37  125
10  37  125
11  37  125
12  37  125
13  37  125
14  37  125
15  37  125
16  37  125
17  37  125
18  37  125
19  37  125
20  37  125
21  37  125
22  37  125
23  37  125
24  37  125
25  37  125
26  37  125
27  37  125
28  37  125
29  37  125
30  37  125
31  37  125
32  37  125
33  37  125
34  37  125
35  37  125
36  37  125
37  37  125
38  37  125
39  37  125
40  37  125
41  37  125
42  37  125
43  37  125
44  37  125
45  37  125
46  37  125
47  37  125
48  37  125
49  37  125
50  37  125
51  37  125
52  37  125
53  37  125
54  37  125
55  37  125
56  37  125
57  37  125
58  37  125
59  37  125
60  37  125
61  37  125
62  37  125
63  37  125
0  38  125
1  38  125
2  38  125
3  38  125
4  38  125
5  38  125
6  38  125
7  38  125
8  38  125
9  38  125
10  38  125
11  38  125
12  38  125
13  38  125
14  38  125
15  38  125
16  38  125
17  38  125
18  38  125
19  38  125
20  38  125
21  38  125
22  38  125
23  38  125
24  38  125
25  38  125
26  38  125
27  38  125
28  38  125
29  38  125
30  38  125
31  38  125
32  38  125
33  38  125
34  38  125
35  38  125
36  38  125
37  38  125
38  38  125
39  38  125
40  38  125
41  38  125
42  38  125
43  38  125
44  38  125
45  38  125
46  38  125
47  38  125
48  38  125
49  38  125
50  38  125
51  38  125
52  38  125
53  38  125
54  38  125
55  38  125
56  38  125
57  38  125
58  38  125
59  38  125
60  38  125
61  38  125
62  38  125
63  38  125
0  39  125
1  39  125
2  39  125
3  39  125
4  39  125
5  39  125
6  39  125
7  39  125
8  39  125
9  39  125
10  39  125
11  39  125
12  39  125
13  39  125
14  39  125
15  39  125
16  39  125
17  39  125
18  39  125
19  39  125
20  39  125
21  39  125
22  39  125
23  39  125
24  39  125
25  39  125
26  39  125
27  39  125
28  39  125
29  39  125
30  39  125
31  39  125
32  39  125
33  39  125
34  39  125
35  39  125
36  39  125
37  39  125
38  39  125
39  39  125
40  39  125
41  39  125
42  39  125
43  39  125
44  39  125
45  39  125
46  39  125
47  39  125
48  39  125
49  39  125
50  39  125
51  39  125
52  39  125
53  39  125
54  39  125
55  39  125
56  39  125
57  39  125
58  39  125
59  39  125
60  39  125
61  39  125
62  39  125
63  39  125
0  40  125
1  40  125
2  40  125
3  40  125
4  40  125
5  40  125
6  40  125
7  40  125
8  40  125
9  40  125
10  40  125
11  40  125
12  40  125
13  40  125
14  40  125
15  40  125
16  40  125
17  40  125
18  40  125
19  40  125
20  40  125
21  40  125
22  40  125
23  40  125
24  40  125
25  40  125
26  40  125
27  40  125
28  40  125
29  40  125
30  40  125
31  40  125
32  40  125
33  40  125
34  40  125
35  40  125
36  40  125
37  40  125
38  40  125
39  40  125
40  40  125
41  40  125
42  40  125
43  40  125
44  40  125
45  40  125
46  40  125
47  40  125
48  40  125
49  40  125
50  40  125
51  40  125
52  40  125
53  40  125
54  40  125
55  40  125
56  40  125
57  40  125
58  40  125
59  40  125
60  40  125
61  40  125
62  40  125
63  40  125
0  41  125
1  41  125
2  41  125
3  41  125
4  41  125
5  41  125
6  41  125
7  41  125
8  41  125
9  41  125
10  41  125
11  41  125
12  41  125
13  41  125
14  41  125
15  41  125
16  41  125
17  41  125
18  41  125
19  41  125
20  41  125
21  41  125
22  41  125
23  41  125
24  41  125
25  41  125
26  41  125
27  41  125
28  41  125
29  41  125
30  41  125
31  41  125
32  41  125
33  41  125
34  41  125
35  41  125
36  41  125
37  41  125
38  41  125
39  41  125
40  41  125
41  41  125
42  41  125
43  41  125
44  41  125
45  41  125
46  41  125
47  41  125
48  41  125
49  41  125
50  41  125
51  41  125
52  41  125
53  41  125
54  41  125
55  41  125
56  41  125
57  41  125
58  41  125
59  41  125
60  41  125
61  41  125
62  41  125
63  41  125
0  42  125
1  42  125
2  42  125
3  42  125
4  42  125
5  42  125
6  42  125
7  42  125
8  42  125
9  42  125
10  42  125
11  42  125
12  42  125
13  42  125
14  42  125
15  42  125
16  42  125
17  42  125
18  42  125
19  42  125
20  42  125
21  42  125
22  42  125
23  42  125
24  42  125
25  42  125
26  42  125
27  42  125
28  42  125
29  42  125
30  42  125
31  42  125
32  42  125
33  42  125
34  42  125
35  42  125
36  42  125
37  42  125
38  42  125
39  42  125
40  42  125
41  42  125
42  42  125
43  42  125
44  42  125
45  42  125
46  42  125
47  42  125
48  42  125
49  42  125
50  42  125
51  42  125
52  42  125
53  42  125
54  42  125
55  42  125
56  42  125
57  42  125
58  42  125
59  42  125
60  42  125
61  42  125
62  42  125
63  42  125
0  43  125
1  43  125
2  43  125
3  43  125
4  43  125
5  43  125
6  43  125
7  43  125
8  43  125
9  43  125
10  43  125
11  43  125
12  43  125
13  43  125
14  43  125
15  43  125
16  43  125
17  43  125
18  43  125
19  43  125
20  43  125
21  43  125
22  43  125
23  43  125
24  43  125
25  43  125
26  43  125
27  43  125
28  43  125
29  43  125
30  43  125
31  43  125
32  43  125
33  43  125
34  43  125
35  43  125
36  43  125
37  43  125
38  43  125
39  43  125
40  43  125
41  43  125
42  43  125
43  43  125
44  43  125
45  43  125
46  43  125
47  43  125
48  43  125
49  43  125
50  43  125
51  43  125
52  43  125
53  43  125
54  43  125
55  43  125
56  43  125
57  43  125
58  43  125
59  43  125
60  43  125
61  43  125
62  43  125
63  43  125
0  44  125
1  44  125
2  44  125
3  44  125
4  44  125
5  44  125
6  44  125
7  44  125
8  44  125
9  44  125
10  44  125
11  44  125
12  44  125
13  44  125
14  44  125
15  44  125
16  44  125
17  44  125
18  44  125
19  44  125
20  44  125
21  44  125
22  44  125
23  44  125
24  44  125
25  44  125
26  44  125
27  44  125
28  44  125
29  44  125
30  44  125
31  44  125
32  44  125
33  44  125
34  44  125
35  44  125
36  44  125
37  44  125
38  44  125
39  44  125
40  44  125
41  44  125
42  44  125
43  44  125
44  44  125
45  44  125
46  44  125
47  44  125
48  44  125
49  44  125
50  44  125
51  44  125
52  44  125
53  44  125
54  44  125
55  44  125
56  44  125
57  44  125
58  44  125
59  44  125
60  44  125
61  44  125
62  44  125
63  44  125
0  45  125
1  45  125
2  45  125
3  45  125
4  45  125
5  45  125
6  45  125
7  45  125
8  45  125
9  45  125
10  45  125
11  45  125
12  45  125
13  45  125
14  45  125
15  45  125
16  45  125
17  45  125
18  45  125
19  45  125
20  45  125
21  45  125
22  45  125
23  45  125
24  45  125
25  45  125
26  45  125
27  45  125
28  45  125
29  45  125
30  45  125
31  45  125
32  45  125
33  45  125
34  45  125
35  45  125
36  45  125
37  45  125
38  45  125
39  45  125
40  45  125
41  45  125
42  45  125
43  45  125
44  45  125
45  45  125
46  45  125
47  45  125
48  45  125
49  45  125
50  45  125
51  45  125
52  45  125
53  45  125
54  45  125
55  45  125
56  45  125
57  45  125
58  45  125
59  45  125
60  45  125
61  45  125
62  45  125
63  45  125
0  46  125
1  46  125
2  46  125
3  46  125
4  46  125
5  46  125
6  46  125
7  46  125
8  46  125
9  46  125
10  46  125
11  46  125
12  46  125
13  46  125
14  46  125
15  46  125
16  46  125
17  46  125
18  46  125
19  46  125
20  46  125
21  46  125
22  46  125
23  46  125
24  46  125
25  46  125
26  46  125
27  46  125
28  46  125
29  46  125
30  46  125
31  46  125
32  46  125
33  46  125
34  46  125
35  46  125
36  46  125
37  46  125
38  46  125
39  46  125
40  46  125
41  46  125
42  46  125
43  46  125
44  46  125
45  46  125
46  46  125
47  46  125
48  46  125
49  46  125
50  46  125
51  46  125
52  46  125
53  46  125
54  46  125
55  46  125
56  46  125
57  46  125
58  46  125
59  46  125
60  46  125
61  46  125
62  46  125
63  46  125
0  47  125
1  47  125
2  47  125
3  47  125
4  47  125
5  47  125
6  47  125
7  47  125
8  47  125
9  47  125
10  47  125
11  47  125
12  47  125
13  47  125
14  47  125
15  47  125
16  47  125
17  47  125
18  47  125
19  47  125
20  47  125
21  47  125
22  47  125
23  47  125
24  47  125
25  47  125
26  47  125
27  47  125
28  47  125
29  47  125
30  47  125
31  47  125
32  47  125
33  47  125
34  47  125
35  47  125
36  47  125
37  47  125
38  47  125
39  47  125
40  47  125
41  47  125
42  47  125
43  47  125
44  47  125
45  47  125
46  47  125
47  47  125
48  47  125
49  47  125
50  47  125
51  47  125
52  47  125
53  47  125
54  47  125
55  47  125
56  47  125
57  47  125
58  47  125
59  47  125
60  47  125
61  47  125
62  47  125
63  47  125
0  48  125
1  48  125
2  48  125
3  48  125
4  48  125
5  48  125
6  48  125
7  48  125
8  48  125
9  48  125
10  48  125
11  48  125
12  48  125
13  48  125
14  48  125
15  48  125
16  48  125
17  48  125
18  48  125
19  48  125
20  48  125
21  48  125
22  48  125
23  48  125
24  48  125
25  48  125
26  48  125
27  48  125
28  48  125
29  48  125
30  48  125
31  48  125
32  48  125
33  48  125
34  48  125
35  48  125
36  48  125
37  48  125
38  48  125
39  48  125
40  48  125
41  48  125
42  48  125
43  48  125
44  48  125
45  48  125
46  48  125
47  48  125
48  48  125
49  48  125
50  48  125
51  48  125
52  48  125
53  48  125
54  48  125
55  48  125
56  48  125
57  48  125
58  48  125
59  48  125
60  48  125
61  48  125
62  48  125
63  48  125
0  49  125
1  49  125
2  49  125
3  49  125
4  49  125
5  49  125
6  49  125
7  49  125
8  49  125
9  49  125
10  49  125
11  49  125
12  49  125
13  49  125
14  49  125
15  49  125
16  49  125
17  49  125
18  49  125
19  49  125
20  49  125
21  49  125
22  49  125
23  49  125
24  49  125
25  49  125
26  49  125
27  49  125
28  49  125
29  49  125
30  49  125
31  49  125
32  49  125
33  49  125
34  49  125
35  49  125
36  49  125
37  49  125
38  49  125
39  49  125
40  49  125
41  49  125
42  49  125
43  49  125
44  49  125
45  49  125
46  49  125
47  49  125
48  49  125
49  49  125
50  49  125
51  49  125
52  49  125
53  49  125
54  49  125
55  49  125
56  49  125
57  49  125
58  49  125
59  49  125
60  49  125
61  49  125
62  49  125
63  49  125
0  50  125
1  50  125
2  50  125
3  50  125
4  50  125
5  50  125
6  50  125
7  50  125
8  50  125
9  50  125
10  50  125
11  50  125
12  50  125
13  50  125
14  50  125
15  50  125
16  50  125
17  50  125
18  50  125
19  50  125
20  50  125
21  50  125
22  50  125
23  50  125
24  50  125
25  50  125
26  50  125
27  50  125
28  50  125
29  50  125
30  50  125
31  50  125
32  50  125
33  50  125
34  50  125
35  50  125
36  50  125
37  50  125
38  50  125
39  50  125
40  50  125
41  50  125
42  50  125
43  50  125
44  50  125
45  50  125
46  50  125
47  50  125
48  50  125
49  50  125
50  50  125
51  50  125
52  50  125
53  50  125
54  50  125
55  50  125
56  50  125
57  50  125
58  50  125
59  50  125
60  50  125
61  50  125
62  50  125
63  50  125
0  51  125
1  51  125
2  51  125
3  51  125
4  51  125
5  51  125
6  51  125
7  51  125
8  51  125
9  51  125
10  51  125
11  51  125
12  51  125
13  51  125
14  51  125
15  51  125
16  51  125
17  51  125
18  51  125
19  51  125
20  51  125
21  51  125
22  51  125
23  51  125
24  51  125
25  51  125
26  51  125
27  51  125
28  51  125
29  51  125
30  51  125
31  51  125
32  51  125
33  51  125
34  51  125
35  51  125
36  51  125
37  51  125
38  51  125
39  51  125
40  51  125
41  51  125
42  51  125
43  51  125
44  51  125
45  51  125
46  51  125
47  51  125
48  51  125
49  51  125
50  51  125
51  51  125
52  51  125
53  51  125
54  51  125
55  51  125
56  51  125
57  51  125
58  51  125
59  51  125
60  51  125
61  51  125
62  51  125
63  51  125
0  52  125
1  52  125
2  52  125
3  52  125
4  52  125
5  52  125
6  52  125
7  52  125
8  52  125
9  52  125
10  52  125
11  52  125
12  52  125
13  52  125
14  52  125
15  52  125
16  52  125
17  52  125
18  52  125
19  52  125
20  52  125
21  52  125
22  52  125
23  52  125
24  52  125
25  52  125
26  52  125
27  52  125
28  52  125
29  52  125
30  52  125
31  52  125
32  52  125
33  52  125
34  52  125
35  52  125
36  52  125
37  52  125
38  52  125
39  52  125
40  52  125
41  52  125
42  52  125
43  52  125
44  52  125
45  52  125
46  52  125
47  52  125
48  52  125
49  52  125
50  52  125
51  52  125
52  52  125
53  52  125
54  52  125
55  52  125
56  52  125
57  52  125
58  52  125
59  52  125
60  52  125
61  52  125
62  52  125
63  52  125
0  53  125
1  53  125
2  53  125
3  53  125
4  53  125
5  53  125
6  53  125
7  53  125
8  53  125
9  53  125
10  53  125
11  53  125
12  53  125
13  53  125
14  53  125
15  53  125
16  53  125
17  53  125
18  53  125
19  53  125
20  53  125
21  53  125
22  53  125
23  53  125
24  53  125
25  53  125
26  53  125
27  53  125
28  53  125
29  53  125
30  53  125
31  53  125
32  53  125
33  53  125
34  53  125
35  53  125
36  53  125
37  53  125
38  53  125
39  53  125
40  53  125
41  53  125
42  53  125
43  53  125
44  53  125
45  53  125
46  53  125
47  53  125
48  53  125
49  53  125
50  53  125
51  53  125
52  53  125
53  53  125
54  53  125
55  53  125
56  53  125
57  53  125
58  53  125
59  53  125
60  53  125
61  53  125
62  53  125
63  53  125
0  54  125
1  54  125
2  54  125
3  54  125
4  54  125
5  54  125
6  54  125
7  54  125
8  54  125
9  54  125
10  54  125
11  54  125
12  54  125
13  54  125
14  54  125
15  54  125
16  54  125
17  54  125
18  54  125
19  54  125
20  54  125
21  54  125
22  54  125
23  54  125
24  54  125
25  54  125
26  54  125
27  54  125
28  54  125
29  54  125
30  54  125
31  54  125
32  54  125
33  54  125
34  54  125
35  54  125
36  54  125
37  54  125
38  54  125
39  54  125
40  54  125
41  54  125
42  54  125
43  54  125
44  54  125
45  54  125
46  54  125
47  54  125
48  54  125
49  54  125
50  54  125
51  54  125
52  54  125
53  54  125
54  54  125
55  54  125
56  54  125
57  54  125
58  54  125
59  54  125
60  54  125
61  54  125
62  54  125
63  54  125
0  55  125
1  55  125
2  55  125
3  55  125
4  55  125
5  55  125
6  55  125
7  55  125
8  55  125
9  55  125
10  55  125
11  55  125
12  55  125
13  55  125
14  55  125
15  55  125
16  55  125
17  55  125
18  55  125
19  55  125
20  55  125
21  55  125
22  55  125
23  55  125
24  55  125
25  55  125
26  55  125
27  55  125
28  55  125
29  55  125
30  55  125
31  55  125
32  55  125
33  55  125
34  55  125
35  55  125
36  55  125
37  55  125
38  55  125
39  55  125
40  55  125
41  55  125
42  55  125
43  55  125
44  55  125
45  55  125
46  55  125
47  55  125
48  55  125
49  55  125
50  55  125
51  55  125
52  55  125
53  55  125
54  55  125
55  55  125
56  55  125
57  55  125
58  55  125
59  55  125
60  55  125
61  55  125
62  55  125
63  55  125
0  56  125
1  56  125
2  56  125
3  56  125
4  56  125
5  56  125
6  56  125
7  56  125
8  56  125
9  56  125
10  56  125
11  56  125
12  56  125
13  56  125
14  56  125
15  56  125
16  56  125
17  56  125
18  56  125
19  56  125
20  56  125
21  56  125
22  56  125
23  56  125
24  56  125
25  56  125
26  56  125
27  56  125
28  56  125
29  56  125
30  56  125
31  56  125
32  56  125
33  56  125
34  56  125
35  56  125
36  56  125
37  56  125
38  56  125
39  56  125
40  56  125
41  56  125
42  56  125
43  56  125
44  56  125
45  56  125
46  56  125
47  56  125
48  56  125
49  56  125
50  56  125
51  56  125
52  56  125
53  56  125
54  56  125
55  56  125
56  56  125
57  56  125
58  56  125
59  56  125
60  56  125
61  56  125
62  56  125
63  56  125
0  57  125
1  57  125
2  57  125
3  57  125
4  57  125
5  57  125
6  57  125
7  57  125
8  57  125
9  57  125
10  57  125
11  57  125
12  57  125
13  57  125
14  57  125
15  57  125
16  57  125
17  57  125
18  57  125
19  57  125
20  57  125
21  57  125
22  57  125
23  57  125
24  57  125
25  57  125
26  57  125
27  57  125
28  57  125
29  57  125
30  57  125
31  57  125
32  57  125
33  57  125
34  57  125
35  57  125
36  57  125
37  57  125
38  57  125
39  57  125
40  57  125
41  57  125
42  57  125
43  57  125
44  57  125
45  57  125
46  57  125
47  57  125
48  57  125
49  57  125
50  57  125
51  57  125
52  57  125
53  57  125
54  57  125
55  57  125
56  57  125
57  57  125
58  57  125
59  57  125
60  57  125
61  57  125
62  57  125
63  57  125
0  58  125
1  58  125
2  58  125
3  58  125
4  58  125
5  58  125
6  58  125
7  58  125
8  58  125
9  58  125
10  58  125
11  58  125
12  58  125
13  58  125
14  58  125
15  58  125
16  58  125
17  58  125
18  58  125
19  58  125
20  58  125
21  58  125
22  58  125
23  58  125
24  58  125
25  58  125
26  58  125
27  58  125
28  58  125
29  58  125
30  58  125
31  58  125
32  58  125
33  58  125
34  58  125
35  58  125
36  58  125
37  58  125
38  58  125
39  58  125
40  58  125
41  58  125
42  58  125
43  58  125
44  58  125
45  58  125
46  58  125
47  58  125
48  58  125
49  58  125
50  58  125
51  58  125
52  58  125
53  58  125
54  58  125
55  58  125
56  58  125
57  58  125
58  58  125
59  58  125
60  58  125
61  58  125
62  58  125
63  58  125
0  59  125
1  59  125
2  59  125
3  59  125
4  59  125
5  59  125
6  59  125
7  59  125
8  59  125
9  59  125
10  59  125
11  59  125
12  59  125
13  59  125
14  59  125
15  59  125
16  59  125
17  59  125
18  59  125
19  59  125
20  59  125
21  59  125
22  59  125
23  59  125
24  59  125
25  59  125
26  59  125
27  59  125
28  59  125
29  59  125
30  59  125
31  59  125
32  59  125
33  59  125
34  59  125
35  59  125
36  59  125
37  59  125
38  59  125
39  59  125
40  59  125
41  59  125
42  59  125
43  59  125
44  59  125
45  59  125
46  59  125
47  59  125
48  59  125
49  59  125
50  59  125
51  59  125
52  59  125
53  59  125
54  59  125
55  59  125
56  59  125
57  59  125
58  59  125
59  59  125
60  59  125
61  59  125
62  59  125
63  59  125
0  60  125
1  60  125
2  60  125
3  60  125
4  60  125
5  60  125
6  60  125
7  60  125
8  60  125
9  60  125
10  60  125
11  60  125
12  60  125
13  60  125
14  60  125
15  60  125
16  60  125
17  60  125
18  60  125
19  60  125
20  60  125
21  60  125
22  60  125
23  60  125
24  60  125
25  60  125
26  60  125
27  60  125
28  60  125
29  60  125
30  60  125
31  60  125
32  60  125
33  60  125
34  60  125
35  60  125
36  60  125
37  60  125
38  60  125
39  60  125
40  60  125
41  60  125
42  60  125
43  60  125
44  60  125
45  60  125
46  60  125
47  60  125
48  60  125
49  60  125
50  60  125
51  60  125
52  60  125
53  60  125
54  60  125
55  60  125
56  60  125
57  60  125
58  60  125
59  60  125
60  60  125
61  60  125
62  60  125
63  60  125
0  61  125
1  61  125
2  61  125
3  61  125
4  61  125
5  61  125
6  61  125
7  61  125
8  61  125
9  61  125
10  61  125
11  61  125
12  61  125
13  61  125
14  61  125
15  61  125
16  61  125
17  61  125
18  61  125
19  61  125
20  61  125
21  61  125
22  61  125
23  61  125
24  61  125
25  61  125
26  61  125
27  61  125
28  61  125
29  61  125
30  61  125
31  61  125
32  61  125
33  61  125
34  61  125
35  61  125
36  61  125
37  61  125
38  61  125
39  61  125
40  61  125
41  61  125
42  61  125
43  61  125
44  61  125
45  61  125
46  61  125
47  61  125
48  61  125
49  61  125
50  61  125
51  61  125
52  61  125
53  61  125
54  61  125
55  61  125
56  61  125
57  61  125
58  61  125
59  61  125
60  61  125
61  61  125
62  61  125
63  61  125
0  62  125
1  62  125
2  62  125
3  62  125
4  62  125
5  62  125
6  62  125
7  62  125
8  62  125
9  62  125
10  62  125
11  62  125
12  62  125
13  62  125
14  62  125
15  62  125
16  62  125
17  62  125
18  62  125
19  62  125
20  62  125
21  62  125
22  62  125
23  62  125
24  62  125
25  62  125
26  62  125
27  62  125
28  62  125
29  62  125
30  62  125
31  62  125
32  62  125
33  62  125
34  62  125
35  62  125
36  62  125
37  62  125
38  62  125
39  62  125
40  62  125
41  62  125
42  62  125
43  62  125
44  62  125
45  62  125
46  62  125
47  62  125
48  62  125
49  62  125
50  62  125
51  62  125
52  62  125
53  62  125
54  62  125
55  62  125
56  62  125
57  62  125
58  62  125
59  62  125
60  62  125
61  62  125
62  62  125
63  62  125
0  63  125
1  63  125
2  63  125
3  63  125
4  63  125
5  63  125
6  63  125
7  63  125
8  63  125
9  63  125
10  63  125
11  63  125
12  63  125
13  63  125
14  63  125
15  63  125
16  63  125
17  63  125
18  63  125
19  63  125
20  63  125
21  63  125
22  63  125
23  63  125
24  63  125
25  63  125
26  63  125
27  63  125
28  63  125
29  63  125
30  63  125
31  63  125
32  63  125
33  63  125
34  63  125
35  63  125
36  63  125
37  63  125
38  63  125
39  63  125
40  63  125
41  63  125
42  63  125
43  63  125
44  63  125
45  63  125
46  63  125
47  63  125
48  63  125
49  63  125
50  63  125
51  63  125
52  63  125
53  63  125
54  63  125
55  63  125
56  63  125
57  63  125
58  63  125
59  63  125
60  63  125
61  63  125
62  63  125
63  63  125
Scale factor =3750  xlength=8  xside= 0.125  iside= 64
468.75  3750
maximim height is 3363.24
minimim height is -2987.41
ix is 0
iz is  6
y shifting row 63
y shifting row 62
y shifting row 61
y shifting row 60
y shifting row 59
y shifting row 58
58 shift y  a 6
